-7231.96       3484.63    
  -8278.54       2731.33    
  -5352.19       2594.79    
  -5523.62       2575.25    
  -6389.26       3041.71    
  -5362.92       2981.80    
  -6156.00       2920.75    
  -8394.66       2665.83    
  -5800.64       3000.10    
  -5470.42       2984.36    
  -6506.20       3148.06    
  -4552.73       3131.15    
  -3644.93       3290.24    
  -6553.47       2747.84    
  -6232.28       2668.97    
  -6432.33       3105.47    
  -5712.79       1918.83    
  -8501.11       3105.35    
  -6744.50       2683.69    
  -7731.13       2816.40    
  -6805.46       2033.06    
  -8104.15       2356.74    
  -8095.00       2260.48    
  -8458.58       2610.09    
  -8422.34       2579.99    
  -4567.65       1276.08    
  -8270.56       2378.33    
  -8431.72       2554.75    
  -7319.80       2465.81    
  -5702.52       1888.81    
  -7372.49       3604.78    
  -5839.24       3211.91    
  -5603.66       2216.82    
  -5108.93       2958.27    
  -8452.53       3289.40    
  -6060.69       3022.99    
  -4953.51       3139.57    
  -7390.17       3095.29    
  -6477.72       2247.34    
  -6660.82       2936.57    
  -6681.55       3009.12    
  -5959.50       2880.14    
  -5661.16       2414.86    
  -8113.56       3293.02    
  -6193.98       2750.12    
  -5015.67       2909.02    
  -6446.49       2571.41    
  -5790.83       2758.59    
  -5081.43       2836.61    
  -5571.47       2789.37    
  -8380.59       2622.72    
  -5582.85       3221.59    
  -6363.98       3228.21    
  -4149.04       3189.55    
  -5261.48       2974.43    
  -8460.28       3264.98    
  -5823.44       2103.14    
  -5697.53       1931.03    
  -6039.92       2726.98    
  -6498.27       2309.52    
  -6171.89       3342.29    
  -5622.77       3355.96    
  -5773.31       2878.79    
  -6610.92       2698.07    
  -5485.93       3014.47    
  -5164.44       2778.82    
  -5021.83       3202.78    
  -5091.81       2952.34    
  -7664.49       2226.38    
  -6632.67       2498.08    
  -6094.74       2771.47    
  -5198.28       2978.08    
  -8511.34       3399.16    
  -8528.19       3361.29    
  -6712.39       2179.91    
  -8176.92       3182.87    
  -5322.90       2687.48    
  -6380.49       2936.07    
  -5531.36       1845.89    
  -5577.48       2768.24    
  -9332.64       4194.80    
  -5096.73       2835.26    
  -6725.58       2604.37    
  -5243.09       2849.91    
  -5219.97       2746.26    
  -5385.66       2364.84    
  -5732.06       2921.00    
  -6719.09       3448.62    
  -5544.54       2494.33    
  -4961.26       2920.16    
  -8326.35       3220.01    
  -7907.33       4315.91    
  -5572.55       2839.81    
  -7919.99       2261.17    
  -5666.77       2759.70    